   9.4498893e-01
   9.4748088e-01
   9.5007101e-01
   9.5273040e-01
   9.5538785e-01
   9.5804345e-01
   9.6073089e-01
   9.6343536e-01
   9.6618873e-01
   9.6890775e-01
   9.7164800e-01
   9.7441103e-01
   9.7718939e-01
   9.7996463e-01
   9.8277081e-01
   9.8562060e-01
   9.8844130e-01
   9.9127396e-01
   9.9416005e-01
   9.9705967e-01
   1.0000000e+00
   1.0029242e+00
   1.0058967e+00
   1.0086463e+00
   1.0116024e+00
   1.0145303e+00
   1.0175012e+00
   1.0204499e+00
   1.0234469e+00
   1.0264366e+00
   1.0294817e+00
   1.0325338e+00
   1.0355612e+00
   1.0386262e+00
   1.0417040e+00
   1.0448035e+00
   1.0479487e+00
   1.0510405e+00
   1.0541927e+00
   1.0573169e+00
   1.0605257e+00
   1.0635328e+00
   1.0668604e+00
   1.0700950e+00
   1.0732972e+00
   1.0765111e+00
   1.0797866e+00
   1.0830876e+00
   1.0863951e+00
   1.0896809e+00
   1.0929668e+00
