1.072174033518
1.06632169904302
1.06146645383655
1.05896287493464
1.05901838521411
1.05477310261299
1.05280804111085
1.0496480013173
1.04744312296672
1.04152869342406
1.03793515438618
1.03288045518591
1.0315631725138
1.02887257338561
1.02162927323943
1.02070415325211
1.01902730756912
1.01247788117834
1.00829626074539
1.00455437046783
1
0.99774184650429
0.99145160985731
0.98875547601643
0.984403021128447
0.980697882516559
0.977157869727189
0.973467193950698
0.970666559148124
0.965517810552652
0.960271732289265
0.954873224738396
0.952635329625061
0.948159895423548
0.942027904410605
0.937866465483385
0.935745252871727
0.929124798909724
0.924462396484058
0.920362899214463
0.916936394775646
0.910961636517293
0.907984939691111
0.901318908874038
0.900529797982829
0.892827017050966
0.890379259528625
0.884930988711856
0.8810422885991
0.876583038132813
0.87215946905906
