1.11499898728563
1.10993256909215
1.10424784580756
1.09895385670407
1.09242313751926
1.0862857040672
1.08006583621712
1.07460874926589
1.06911288969489
1.06308996692652
1.05831135804072
1.05168413952962
1.0470454359303
1.04062380310555
1.03399938309966
1.02882557959572
1.02357549050105
1.01746436355683
1.01141658501074
1.00568417315594
1
0.993972017281875
0.989297775461406
0.982537962306238
0.976068627200604
0.970781379705549
0.96529157229237
0.95920604473235
0.953690681191821
0.948098467764425
0.943208989712445
0.937860022426192
0.933569027411797
0.926829910399431
0.921544503264661
0.916653647540713
0.911425261877396
0.905568209320624
0.900206416725064
0.895214029700349
0.889346123644047
0.884737068736024
0.878984612546267
0.874487545396004
0.869077188218749
0.863828000618046
0.859173813352421
0.854020401138405
0.848500948522716
0.843450954793831
0.838936980588335
